0000.000
0562.930
1108.440
1410.080
1539.460
1911.070
2019.870
2204.900
2284.220
2456.000
2478.200
2503.600
2554.000
2591.100
2624.000
2654.510
2692.400
2733.400
2747.760
2768.760
2841.570
2897.700
2919.790
2921.000
2962.200
2994.000
3007.800
3041.000
3052.500
3071.000
3090.000
3131.800
3141.510
3166.000
3182.210
3195.000
3224.000
3231.800
3268.000
3312.330
3317.000
3322.850
3334.700
3349.000
3391.000
3409.190
3420.400
3439.000
3453.000
3477.650
3484.100
3506.000
3533.000
3545.000
3585.000
3606.000
3632.750
3640.000
3658.000
3691.000
3721.000
3748.000
3788.000
3805.000
3815.000
3848.000
3868.000
3883.000
3887.050
3951.890
3972.000
3997.000
4026.000
4056.000
4073.000
4099.000
4122.300
4153.000
4192.850
4209.000
4239.400
4249.000
4272.000
4326.500
4363.500
4399.000
4426.000
4444.000
4476.500
4488.000
4536.000
4570.000
4611.000
4659.000
4698.000
4719.900
4736.000
4767.000
4784.100
4812.500
4814.800
4839.000
4868.000
4939.000
5122.480
5276.000
5522.600
5663.370
5749.900
5883.000
6021.100
6065.200
