# Eg [keV]     gsf[1/MeV^3]   sigma_gsf[1/MeV^3]
2002.5     7.35157e-09     7.13963e-09
2031.66     5.69251e-09     5.57218e-09
2057.41     5.66816e-09     5.53968e-09
2060.24     6.62154e-09     6.46376e-09
2064.91     6.20774e-09     6.07124e-09
2077.91     5.60656e-09     5.46764e-09
2078.63     6.56338e-09     6.4146e-09
2100.51     6.36098e-09     6.22496e-09
2116.68     7.02493e-09     6.8539e-09
2122.79     6.31117e-09     6.18372e-09
2127.14     5.82712e-09     5.68391e-09
2132.79     6.86619e-09     6.71375e-09
2136.24     6.65502e-09     6.49521e-09
2144.45     7.03996e-09     6.87935e-09
2145.7     5.89399e-09     5.74234e-09
2147.72     6.04124e-09     5.91172e-09
2165.26     7.77402e-09     7.5775e-09
2185.64     7.13408e-09     6.97437e-09
2203.92     6.24112e-09     6.10892e-09
2204.85     7.67693e-09     7.48051e-09
2205.15     6.64641e-09     6.51651e-09
2209.53     7.7858e-09     7.60328e-09
2226.82     7.5228e-09     7.33113e-09
2243.59     6.93497e-09     6.80602e-09
2244.44     5.29835e-09     5.18098e-09
2251.52     6.69135e-09     6.56e-09
2302.22     5.67823e-09     5.56337e-09
2306.06     5.78302e-09     5.66196e-09
2307.2     6.59973e-09     6.40223e-09
2308.41     7.34679e-09     7.21372e-09
2333.4     7.38152e-09     7.19747e-09
2345.59     6.57885e-09     6.38094e-09
2349.26     5.85123e-09     5.6548e-09
2366.08     6.72935e-09     6.53491e-09
2369.97     7.22034e-09     7.1012e-09
2371.84     6.63213e-09     6.50035e-09
2380.52     6.73611e-09     6.61468e-09
2383.08     6.73739e-09     6.61165e-09
2433.75     5.58023e-09     5.38928e-09
2439.94     6.3088e-09     6.20354e-09
2461.23     6.10541e-09     6.0007e-09
2468.28     6.16217e-09     6.05251e-09
2471.12     5.58277e-09     5.37161e-09
2492.52     5.32166e-09     5.23441e-09
2524.11     5.28663e-09     5.19654e-09
2527.88     5.07712e-09     4.91365e-09
2535.78     5.74744e-09     5.63921e-09
2545.79     5.21832e-09     5.13187e-09
2546.46     5.01754e-09     4.92851e-09
2552     5.43049e-09     5.33017e-09
2577.96     5.21138e-09     5.05744e-09
2586.96     5.06372e-09     4.97526e-09
2591.81     4.98615e-09     4.84657e-09
2600.69     5.33249e-09     5.14164e-09
2623.58     5.13416e-09     5.02951e-09
2625.41     5.08351e-09     4.98886e-09
2643.01     5.12454e-09     5.02472e-09
2669.09     5.17835e-09     5.08424e-09
2675.18     5.07108e-09     4.91696e-09
2683.36     4.99996e-09     4.89263e-09
2703.74     4.95523e-09     4.80876e-09
2705.96     4.81581e-09     4.71386e-09
2706.46     5.26135e-09     5.08651e-09
2708.13     4.83386e-09     4.68202e-09
2709.49     5.17811e-09     5.07828e-09
2710.7     4.95854e-09     4.81723e-09
2711.93     4.9535e-09     4.80963e-09
2719.72     5.21714e-09     5.11334e-09
2744.87     5.0546e-09     4.93817e-09
2765.4     5.26819e-09     5.16436e-09
2787.08     4.88728e-09     4.72902e-09
2788.77     5.02721e-09     4.87249e-09
2797.4     4.81562e-09     4.7025e-09
2799.64     5.27813e-09     5.16643e-09
2808.33     4.91804e-09     4.76867e-09
2813.1     4.91005e-09     4.76411e-09
2826.27     4.62829e-09     4.51899e-09
2835.9     4.60239e-09     4.4532e-09
2835.98     4.52483e-09     4.3714e-09
2847.19     4.57498e-09     4.4222e-09
2882     5.46248e-09     5.27051e-09
2891.38     4.91487e-09     4.76099e-09
2896.04     4.79087e-09     4.63224e-09
2902.26     5.05893e-09     4.88451e-09
2903.32     4.8535e-09     4.70457e-09
2919.94     4.2884e-09     4.16926e-09
2943.27     5.16119e-09     4.98942e-09
2957.52     5.6868e-09     5.46148e-09
2962.42     4.17315e-09     4.04514e-09
2967     4.54607e-09     4.42109e-09
2974.89     5.08813e-09     4.97501e-09
2991.65     5.1178e-09     4.92822e-09
3000.54     4.98512e-09     4.85655e-09
3018.11     4.96236e-09     4.7965e-09
3049.87     4.8826e-09     4.73758e-09
3071.45     5.40279e-09     5.22812e-09
3074.89     5.70971e-09     5.44184e-09
3100.66     5.61504e-09     5.39122e-09
3147.75     5.09982e-09     4.9648e-09
3156.35     5.2413e-09     4.99684e-09
3164.85     5.51914e-09     5.27391e-09
3182.54     5.17237e-09     4.95536e-09
3203.09     5.6424e-09     5.50838e-09
3206.35     5.89391e-09     5.72449e-09
3214.89     5.13024e-09     5.01364e-09
3258.61     5.53854e-09     5.28381e-09
3268.87     5.58613e-09     5.31355e-09
3281.89     5.55994e-09     5.4255e-09
3292.02     5.2513e-09     4.98072e-09
3307.11     5.65874e-09     5.39561e-09
3309.64     5.52485e-09     5.39484e-09
3311.68     5.31038e-09     5.17805e-09
3311.97     5.91182e-09     5.75687e-09
3315.04     5.73029e-09     5.60014e-09
3317.84     5.60362e-09     5.47402e-09
3338.18     5.47758e-09     5.19554e-09
3342.92     5.8372e-09     5.56494e-09
3349.78     5.97788e-09     5.68385e-09
3356.02     6.60222e-09     6.24707e-09
3360     5.59428e-09     5.31025e-09
3389.24     5.68298e-09     5.53733e-09
3392.96     5.97169e-09     5.82569e-09
3408.38     5.93771e-09     5.63842e-09
3409.56     5.861e-09     5.71884e-09
3412.53     5.88448e-09     5.744e-09
3416.83     6.10219e-09     5.76385e-09
3425.43     7.00186e-09     6.59679e-09
3427.54     5.38577e-09     5.24318e-09
3429.07     5.64583e-09     5.50238e-09
3438.18     5.57978e-09     5.43469e-09
3446.51     6.02578e-09     5.71348e-09
3448.55     5.94703e-09     5.61821e-09
3466.24     6.76327e-09     6.5781e-09
3472.88     6.15291e-09     5.99979e-09
3477.02     5.91525e-09     5.76037e-09
3482.39     6.13935e-09     5.97165e-09
3482.75     6.15256e-09     6.00181e-09
3501.37     7.21037e-09     6.75035e-09
3503.32     6.32055e-09     5.96178e-09
3521.82     6.37356e-09     6.20222e-09
3532.56     6.69707e-09     6.27595e-09
3534.87     6.51423e-09     6.11621e-09
3537.23     7.2078e-09     6.97633e-09
3553.86     6.42734e-09     6.04567e-09
3567.19     6.68174e-09     6.47867e-09
3588.35     6.30287e-09     6.12825e-09
3599.79     7.02979e-09     6.5149e-09
3659.75     7.6561e-09     7.34784e-09
3665.07     7.58075e-09     6.99216e-09
3680.92     6.93871e-09     6.41416e-09
3683.28     6.79915e-09     6.56327e-09
3705.54     6.44334e-09     5.87163e-09
3725.86     7.17257e-09     6.54005e-09
3732.97     6.81131e-09     6.29753e-09
3735.63     7.42967e-09     7.12795e-09
3743.76     7.73397e-09     7.43355e-09
3757.04     7.08248e-09     6.82309e-09
3798.33     7.52046e-09     6.78561e-09
3812.08     7.44661e-09     6.82093e-09
3819.33     6.34826e-09     5.7393e-09
3824.38     7.51772e-09     6.85811e-09
3837.04     7.37958e-09     7.07578e-09
3845.83     7.38772e-09     7.06337e-09
3876.39     6.74579e-09     6.42975e-09
3881.55     7.77857e-09     6.94501e-09
3893.15     7.34807e-09     7.04005e-09
3907.78     6.58605e-09     5.94007e-09
3931.29     7.32069e-09     7.01159e-09
3932.18     7.1852e-09     6.43648e-09
3936.57     6.36722e-09     6.06498e-09
3946.15     7.18068e-09     6.85776e-09
3950.67     7.59204e-09     7.2158e-09
3956.87     6.48714e-09     6.18432e-09
3963.12     7.73738e-09     7.04872e-09
3965.32     7.40179e-09     6.71306e-09
3997.89     7.90474e-09     6.98977e-09
4002.56     7.01925e-09     6.69457e-09
4009.97     7.12245e-09     6.76425e-09
4020.58     7.73759e-09     7.3289e-09
4040.93     7.03531e-09     6.7028e-09
4041.81     6.52094e-09     6.19052e-09
4064.2     6.72322e-09     6.0315e-09
4078.61     7.89881e-09     7.16714e-09
4095.2     7.76668e-09     7.31083e-09
4101.88     6.75312e-09     6.40069e-09
4120.8     7.43274e-09     6.70645e-09
4130.76     7.20341e-09     6.78596e-09
4136.29     6.72494e-09     6.34634e-09
4159.81     6.95672e-09     6.57812e-09
4170.31     7.25661e-09     6.45424e-09
4170.96     7.42361e-09     6.63406e-09
4194.5     6.9163e-09     6.10411e-09
4195.6     7.09619e-09     6.62202e-09
4220.34     7.5425e-09     6.79893e-09
4231.07     6.93098e-09     6.20978e-09
4238.4     7.03783e-09     6.31475e-09
4261.19     7.75019e-09     6.88049e-09
4265.48     7.49727e-09     6.97307e-09
4270.28     7.65527e-09     6.81425e-09
4278.32     7.67284e-09     6.76681e-09
4281.08     7.21173e-09     6.72038e-09
4294.98     6.85462e-09     6.31076e-09
4315.61     7.65984e-09     7.06417e-09
4319.1     7.30576e-09     6.50821e-09
4326.29     7.4018e-09     6.57394e-09
4332.5     6.93469e-09     6.1277e-09
4338.83     8.78711e-09     7.71517e-09
4352.91     7.2915e-09     6.8117e-09
4384.16     9.07245e-09     7.95457e-09
4390.69     7.56571e-09     6.90521e-09
4396.81     8.08107e-09     7.04694e-09
4401.97     8.07161e-09     7.02954e-09
4402.13     8.76898e-09     7.67514e-09
4402.38     9.59305e-09     8.32893e-09
4402.91     7.54476e-09     6.63862e-09
4428.1     8.57646e-09     7.96345e-09
4432.82     8.96311e-09     8.29439e-09
4433.7     6.91628e-09     6.33835e-09
4498.72     9.19874e-09     7.84693e-09
4503.87     8.98406e-09     8.16017e-09
4529.62     9.14085e-09     7.68714e-09
4531.55     1.01983e-08     8.6192e-09
4534.82     8.23555e-09     7.55779e-09
4554.24     9.47403e-09     7.73559e-09
4558.77     8.18639e-09     7.46667e-09
4579.43     9.95629e-09     9.20081e-09
4582.04     1.05668e-08     8.65425e-09
4585.78     9.12488e-09     8.39911e-09
4616.7     1.02417e-08     9.28438e-09
4617.82     1.09487e-08     8.86065e-09
4639.91     1.11402e-08     8.96004e-09
4639.91     1.15157e-08     9.26202e-09
4666.13     1.05315e-08     8.19116e-09
4669.15     9.42611e-09     8.62293e-09
4696.2     1.11012e-08     1.02493e-08
4726.11     1.09821e-08     1.01079e-08
4763.3     1.13268e-08     1.03552e-08
4766.29     1.13436e-08     1.03432e-08
4784.86     1.04347e-08     9.46041e-09
4807.47     1.08567e-08     9.97782e-09
4810.61     1.01877e-08     9.32127e-09
4822.54     1.04192e-08     9.55097e-09
4835.27     1.095e-08     9.94687e-09
4844.24     1.09259e-08     9.94833e-09
4848.45     1.08859e-08     9.85036e-09
4895.04     9.63569e-09     8.7745e-09
4897.25     1.05422e-08     9.62277e-09
4912.65     8.08181e-09     7.29111e-09
4924.29     1.04246e-08     9.3565e-09
4984.17     1.14433e-08     1.02756e-08
4991.44     9.09015e-09     8.17141e-09
4992.17     9.05733e-09     8.07474e-09
4999.05     1.03463e-08     9.17547e-09
5006.98     1.04836e-08     9.3865e-09
5012.81     9.35991e-09     8.33812e-09
5075.07     1.10279e-08     9.67457e-09
5102.76     1.14859e-08     9.97584e-09
5106.56     1.2564e-08     1.09491e-08
5162.54     1.24887e-08     1.05612e-08
5176.32     1.26783e-08     1.0662e-08
5198.98     1.37762e-08     1.15225e-08
5225.53     1.22982e-08     1.01833e-08
5229.17     1.28775e-08     1.06719e-08
5231.97     1.59198e-08     1.29429e-08

